0 0.425006028125 0.8405302109375 0.435467534375 0.7886349515625 0.42728204375 0.7519099687499999 0.40685907343750005 0.7245210203125 0.3788635046875 0.7076311937499999 0.31705066406250004 0.68726465 0.173621178125 0.676278028125 0.1421426203125 0.6832941609375001 0.0553046234375 0.733488678125 0.008155751562499999 0.8530372843749999 0.0192426859375 0.8681887515625 0.0787230828125 0.887973753125 0.24665888125 0.92984485 0.28222078125 0.9263242437500001 0.394127821875 0.8749478312500001 0.425006028125 0.8405302109375
0 0.5059282828125 0.65507915625 0.5473683078125 0.72734723125 0.58353055625 0.7512281109375001 0.6371767140625 0.7646035999999999 0.7385971734375001 0.7254772093749999 0.75490545625 0.6998140828125 0.7659485046875 0.64558638125 0.716948421875 0.60364005 0.6131516343750001 0.5728057296875 0.5431909218750001 0.5751820578125 0.5111433609375 0.604353253125 0.5059282828125 0.65507915625
0 0.8873671312500001 0.88396411875 0.8570203125000001 0.8367588218750001 0.8453581031249999 0.8338511078125 0.7835640734375 0.8432184906250001 0.7777611828125 0.8863655265625001 0.8250103671875 0.925397875 0.8652496875000001 0.9428629734375 0.8885552953125 0.918944475 0.897278440625 0.88395785 0.8873671312500001 0.88396411875
0 0.2252907328125 0.32993238593749996 0.209557721875 0.3433517625 0.2019976625 0.3736735046875 0.2166052046875 0.42438686875 0.30116718593749997 0.4628125953125 0.3571457859375 0.476769628125 0.40495143593750005 0.47382429375 0.45452052343749993 0.49361556562500003 0.4894946078125 0.48251609218749997 0.539026078125 0.4428395046875 0.5425090671875 0.41893354531250004 0.49293370937500003 0.3892309640625 0.3238222859375 0.33220213125 0.3203079484375 0.30655154375000004 0.267243334375 0.2908436125 0.2649046234375 0.280350759375 0.2794682765625 0.26168495625 0.23689651406249998 0.243638315625 0.1599384796875 0.24427001406249998 0.155286134375 0.26292954687500003 0.2241088375 0.304863340625 0.2252907328125 0.32993238593749996
0 0.7576564328125001 0.4403691328125 0.6800980453125 0.4135993453125 0.676577440625 0.3780374484375 0.6246759109375 0.3576646328125 0.5710360234375 0.354200453125 0.5529705703125 0.3670382859375 0.566965221875 0.3705275453125 0.581553953125 0.39150698125 0.6521087453125001 0.406620828125 0.65037665625 0.4334407734375 0.6842127328125 0.46665142187499997 0.7291106671875001 0.475368296875 0.7565058859375 0.4648566359375 0.7658231140625 0.44736018906249997 0.7576564328125001 0.4403691328125
0 0.9431262953124999 0.551025315625 0.9209586953125 0.5306336921875 0.871977421875 0.5184212890625 0.8358339796875001 0.5242743359375 0.8271108343750001 0.5592609609375 0.861534725 0.6000504765625 0.8807820718749999 0.6122816906249999 0.90993445625 0.6145953234375 0.9361540500000001 0.5889259265625 0.9431262953124999 0.551025315625
0 0.9326898703125 0.6425658140625 0.9228036390625001 0.682217321875 0.9455465109375 0.69036519375 0.9601352437499999 0.7113446296875 0.978750890625 0.64661780625 0.9472597921875 0.6338113203125 0.9326898703125 0.6425658140625
0 0.550031509375 0.32914394687500004 0.643310365625 0.3226717390625 0.6473686265625 0.286522028125 0.5989688953125001 0.2719771828125 0.4800269109375 0.2621411078125 0.46138618593749997 0.28722269375 0.4987177921875 0.31635 0.550031509375 0.32914394687500004
0 0.28233837500000003 0.1905548921875 0.324891328125 0.17886760468750001 0.38902407031249997 0.179993071875 0.40359399218750003 0.1712385796875 0.4000859265625 0.1554993015625 0.34177488437500003 0.1409607265625 0.2817192140625 0.133419475 0.2566627078125 0.1544239890625 0.22110080937499998 0.1579445953125 0.2316062015625 0.175428503125 0.28233837500000003 0.1905548921875
0 0.2992658171875 0.222027178125 0.30277388437499997 0.23776645937500002 0.3325140828125 0.247658959375 0.37332240781250003 0.242968996875 0.36981434062499996 0.22722971875 0.3307443765625 0.21501104531249998 0.2992658171875 0.222027178125
0 0.349454065625 0.29895386562500004 0.35238058906249997 0.3170255875 0.3838716875 0.32983207187499997 0.419433584375 0.3263114671875 0.424667471875 0.3053194921875 0.388511490625 0.2913499203125 0.349454065625 0.29895386562500004
0 0.454913978125 0.1939438359375 0.4613422984375 0.2178435265625 0.4963289234375 0.226566671875 0.54296521875 0.2183749109375 0.535955353125 0.1968076640625 0.4823091953125 0.1834321734375 0.454913978125 0.1939438359375
0 0.5668460984375 0.1822126609375 0.5446910375 0.1816436578125 0.5371184390625 0.1921427796875 0.5826041875 0.2084385234375 0.6094178625 0.2002593046875 0.5668460984375 0.1822126609375
0 0.5691660015625 0.1629715859375 0.5644885796875 0.14198588125 0.460691790625 0.1111515625 0.35573818749999997 0.0948934359375 0.3394173640625 0.10073394375 0.3365096484375 0.112396153125 0.3411808015625 0.12347054843750001 0.388417446875 0.142680275 0.513781484375 0.16650473125 0.5691660015625 0.1629715859375
0 0.7925302046875 0.2706887046875 0.790185225 0.25028454375 0.7726887765625 0.24096731562499998 0.67705866875 0.2171240515625 0.6549036078125 0.2165550484375 0.6496634515624999 0.2276357140625 0.7179046109375 0.2719019484375 0.7925302046875 0.2706887046875
0 0.7185300421874999 0.3389486734375 0.717373225 0.35352486562499996 0.7383714703125001 0.36867006406249997 0.7646098703125 0.37273459531249997 0.77800416875 0.348822365625 0.738934203125 0.33660369375 0.7185300421874999 0.3389486734375
0 0.7504960984375 0.1809304546875 0.7604011390625 0.171012875 0.75980705625 0.1535226984375 0.68399956875 0.1296668953125 0.6560165375 0.1325996890625 0.6449484109375 0.14718214999999998 0.6881079859375 0.1728076609375 0.7504960984375 0.1809304546875
0 0.8420554046875001 0.22110080937499998 0.8367964390625 0.2024475453125 0.7808178406249999 0.18849051249999998 0.759244321875 0.18558906875 0.7534226234375 0.199002175 0.790166415625 0.22055061562499997 0.7825938171875 0.23104973593749997 0.7884280546875 0.2374592484375 0.8193313390625001 0.2426868671875 0.8420554046875001 0.22110080937499998
0 0.8875098031249999 0.1878400046875 0.908495509375 0.1831625828125 0.9195636359374999 0.1685801203125 0.8635850359375 0.1546230875 0.8437498781249999 0.1348130078125 0.8000150296875 0.1214312484375 0.787189734375 0.1231884171875 0.7877775484375 0.13076728437500001 0.8285984109375001 0.1458999421875 0.8548493515625 0.16978709375 0.8531047218750001 0.17678441875 0.8245338796875 0.17213834374999998 0.8204568078125 0.1785541265625 0.8653672828125 0.207093621875 0.8997660937499999 0.2082378984375 0.8875098031249999 0.1878400046875
0 0.060844190625 0.2740666390625 0.0480251671875 0.2857351171875 0.045123721875 0.307308634375 0.1075055640625 0.30552011874999996 0.10399749843749999 0.289780840625 0.060844190625 0.2740666390625