0 0.490384615625 0.76201923125 0.46394230781249995 0.740384615625 0.43269230781249995 0.73076923125 0.3677884609375 0.7259615390625 0.2259615390625 0.75 0.197115384375 0.7644230765625 0.125 0.8341346156249999 0.1081730765625 0.9615384609375001 0.12259615312500001 0.9735576921875 0.185096153125 0.9783653843750001 0.3581730765625 0.9783653843750001 0.3918269234375 0.966346153125 0.48798076874999996 0.8894230765625 0.509615384375 0.8485576921875 0.5072115390625 0.7956730765625 0.490384615625 0.76201923125
0 0.6418269234375 0.7235576921875 0.697115384375 0.7235576921875 0.7860576921875 0.6610576921875 0.7956730765625 0.6322115390625 0.79326923125 0.5769230765625 0.7355769234375 0.5480769234375 0.627403846875 0.54326923125 0.560096153125 0.5625 0.5360576921875 0.5985576921875 0.54326923125 0.6490384609375 0.6009615390625 0.709134615625 0.6418269234375 0.7235576921875
0 0.9158653843750001 0.740384615625 0.8581730765625 0.7644230765625 0.86298076875 0.8076923078125 0.91826923125 0.8341346156249999 0.9615384609375001 0.841346153125 0.9783653843750001 0.8125 0.9783653843750001 0.7764423078125 0.96875 0.778846153125 0.9278846156249999 0.740384615625 0.9158653843750001 0.740384615625
0 0.1802884609375 0.44951923125000004 0.20673076875000002 0.49519230781249995 0.2980769234375 0.51201923125 0.35576923125 0.51201923125 0.40144230781249995 0.49759615312500005 0.4543269234375 0.5048076921875 0.4855769234375 0.4855769234375 0.5240384609375 0.43509615312500005 0.521634615625 0.41105769218750005 0.46634615312500005 0.39423076875 0.2884615390625 0.3798076921875 0.278846153125 0.35576923125 0.2235576921875 0.353365384375 0.21875 0.34375 0.22836538437499998 0.322115384375 0.1826923078125 0.314903846875 0.1081730765625 0.334134615625 0.1081730765625 0.353365384375 0.185096153125 0.377403846875 0.1923076921875 0.40144230781249995 0.1802884609375 0.41826923125000004 0.1802884609375 0.44951923125000004
0 0.6418269234375 0.3389423078125 0.5865384609375 0.33173076875 0.533653846875 0.341346153125 0.51923076875 0.3581730765625 0.533653846875 0.3581730765625 0.552884615625 0.375 0.625 0.372596153125 0.6298076921875 0.3990384609375 0.6706730765625 0.4230769234375 0.716346153125 0.4206730765625 0.740384615625 0.40384615312500005 0.7451923078125 0.384615384375 0.7355769234375 0.3798076921875 0.653846153125 0.372596153125 0.6418269234375 0.3389423078125
0 0.8653846156249999 0.427884615625 0.83173076875 0.44230769218750005 0.83173076875 0.478365384375 0.875 0.509615384375 0.8966346156249999 0.5168269234375 0.92548076875 0.51201923125 0.9447115390624999 0.48076923125000004 0.9423076921875 0.44230769218750005 0.9158653843750001 0.427884615625 0.8653846156249999 0.427884615625
0 0.9783653843750001 0.5769230765625 0.997596153125 0.59375 1 0.5264423078125 0.966346153125 0.521634615625 0.9543269234375 0.533653846875 0.9543269234375 0.57451923125 0.9783653843750001 0.5769230765625
0 0.591346153125 0.2572115390625 0.540865384375 0.2548076921875 0.4230769234375 0.2740384609375 0.41105769218750005 0.302884615625 0.4543269234375 0.322115384375 0.5072115390625 0.322115384375 0.596153846875 0.29326923125 0.591346153125 0.2572115390625
0 0.314903846875 0.216346153125 0.3269230765625 0.20432692343749997 0.3197115390625 0.189903846875 0.259615384375 0.189903846875 0.19951923124999998 0.197115384375 0.1802884609375 0.2235576921875 0.146634615625 0.23557692343749997 0.1610576921875 0.25 0.2139423078125 0.252403846875 0.252403846875 0.23076923124999998 0.314903846875 0.216346153125
0 0.2764423078125 0.2956730765625 0.314903846875 0.28125 0.3076923078125 0.2668269234375 0.2668269234375 0.2644230765625 0.23798076875000002 0.278846153125 0.2451923078125 0.29326923125 0.2764423078125 0.2956730765625
0 0.346153846875 0.36298076875 0.3798076921875 0.3509615390625 0.3798076921875 0.3293269234375 0.341346153125 0.32451923125 0.3052884609375 0.341346153125 0.3125 0.3581730765625 0.346153846875 0.36298076875
0 0.4302884609375 0.23557692343749997 0.47355769218750005 0.216346153125 0.4615384609375 0.197115384375 0.40625 0.197115384375 0.3822115390625 0.2139423078125 0.39423076875 0.23557692343749997 0.4302884609375 0.23557692343749997
0 0.4615384609375 0.1923076921875 0.509615384375 0.197115384375 0.533653846875 0.1826923078125 0.48798076874999996 0.17548076875000002 0.46634615312500005 0.1802884609375 0.4615384609375 0.1923076921875
0 0.9375 1 0.8918269234375 0.9639423078125 0.7572115390625 0.9471153843750001 0.6875 0.9591346156249999 0.67548076875 0.9783653843750001 0.67548076875 1 0.9375 1
0 0.3677884609375 0.1322115390625 0.26201923125 0.1418269234375 0.247596153125 0.1514423078125 0.247596153125 0.1634615390625 0.2548076921875 0.1730769234375 0.3052884609375 0.1802884609375 0.43269230781249995 0.1730769234375 0.4855769234375 0.15625 0.4759615390625 0.13701923124999998 0.3677884609375 0.1322115390625
0 0.7019230765625 0.1826923078125 0.603365384375 0.1826923078125 0.58173076875 0.1875 0.5793269234375 0.19951923124999998 0.65625 0.2259615390625 0.728365384375 0.20673076875000002 0.721153846875 0.1875 0.7019230765625 0.1826923078125
0 0.69951923125 0.314903846875 0.7259615390625 0.3125 0.7331730765625 0.2860576921875 0.6923076921875 0.283653846875 0.6730769234375 0.290865384375 0.67548076875 0.3052884609375 0.69951923125 0.314903846875
0 0.66826923125 0.10096153906250001 0.5889423078125 0.096153846875 0.5625 0.10576923125 0.5552884609375 0.12259615312500001 0.603365384375 0.13701923124999998 0.665865384375 0.1298076921875 0.6730769234375 0.11778846093749999 0.66826923125 0.10096153906250001
0 0.697115384375 0.1298076921875 0.67548076875 0.1322115390625 0.6730769234375 0.146634615625 0.7139423078125 0.158653846875 0.709134615625 0.1706730765625 0.716346153125 0.17548076875000002 0.747596153125 0.1730769234375 0.7644230765625 0.146634615625 0.7548076921875 0.1298076921875 0.697115384375 0.1298076921875
0 0.8269230765625 0.0769230765625 0.76923076875 0.0769230765625 0.7451923078125 0.0625 0.69951923125 0.060096153124999996 0.6875 0.064903846875 0.689903846875 0.07211538437500001 0.7331730765625 0.0769230765625 0.7644230765625 0.09375 0.7644230765625 0.10096153906250001 0.7355769234375 0.10336538437500001 0.7331730765625 0.1105769234375 0.783653846875 0.127403846875 0.8173076921875 0.12019230781250001 0.80048076875 0.10336538437500001 0.8197115390624999 0.09375 0.8269230765625 0.0769230765625
0 0 0.7115384609375 0.021634615625 0.709134615625 0.0384615390625 0.685096153125 0.036057692187500004 0.6634615390625 0.028846153125000003 0.646634615625 0 0.627403846875 0 0.7115384609375
0 0.01201923125 0.4230769234375 0.07211538437500001 0.40625 0.064903846875 0.3918269234375 0.01923076875 0.38701923125 0.009615384375 0.40144230781249995 0.01201923125 0.4230769234375