0 0.48876986875000006 0.402511553125 0.5065845546875 0.37454091875 0.46453388125000006 0.37361483125 0.43389708593750004 0.360521496875 0.43909756250000004 0.3966781828125 0.48876986875000006 0.402511553125
0 0.434930346875 0.348711271875 0.468073728125 0.3246985171875 0.4424936234375 0.3196215265625 0.4140144015625 0.3201050734375 0.41246451562499997 0.33782035625 0.434930346875 0.348711271875
0 0.41362693124999994 0.3245338796875 0.435051425 0.2957844796875 0.406508115625 0.2911845171875 0.3733071390625 0.2882798078125 0.38745364531250004 0.31778130937500004 0.41362693124999994 0.3245338796875
0 0.21842121250000002 0.3952223828125 0.2581882578125 0.40911456562500004 0.3120106921875 0.4153109671875 0.35148263750000003 0.3665480359375 0.310020125 0.361584234375 0.2710090015625 0.35817120468749997 0.234487978125 0.354976028125 0.21842121250000002 0.3952223828125
0 0.6228349125 0.820347959375 0.5083276265625 0.838593765625 0.509427028125 0.9157369609374999 0.61549005 0.952099328125 0.6739621359375 0.9051499406250001 0.6709383812499999 0.863233325 0.6228349125 0.820347959375
0 0.443238190625 0.731744215625 0.41472105312499996 0.770901359375 0.45463481406249995 0.7771006171875 0.545828828125 0.75410790625 0.5426758453125 0.71366765 0.4871933984375 0.7073259000000001 0.443238190625 0.731744215625
0 0.633908234375 0.5981809 0.6674541015625 0.61540410625 0.70824198125 0.5898085359375 0.6756317234375 0.570592178125 0.638096396875 0.5598704015625 0.633908234375 0.5981809
0 0.2605377828125 0.8124522031250001 0.205720134375 0.7793923828125 0.1506422421875 0.8162257625 0.11638899062500001 0.8444679875000001 0.1143774765625 0.8770186624999999 0.15860809375 0.8972516125000001 0.2224675484375 0.8850544812500001 0.296669534375 0.8870168375 0.36119106562500003 0.8569599828125 0.3618007390625 0.8213115640625 0.2605377828125 0.8124522031250001
0 0 0.7003989359375 0.08986806875 0.73653009375 0.1529499765625 0.7420490453124999 0.20363652499999998 0.7554089562499999 0.2276160640625 0.720317584375 0.21666044218749997 0.6925828578125001 0.16914590000000002 0.700326384375 0 0.7000777375 0 0.7003989359375
0 0.07165124375000001 0.4954371484375 0.007462053125 0.5121349078125 0.057930446875 0.55464199375 0.1291242609375 0.555505575 0.1526611953125 0.515912775 0.1239428078125 0.5000120671875 0.07165124375000001 0.4954371484375
0 0.61995166875 0.37531155781250003 0.66132373125 0.38041874999999997 0.6537433609375001 0.361904675 0.6123712984374999 0.3567974828125 0.61995166875 0.37531155781250003