0 0.571377746875 0.40427571406249996 0.5238626265625 0.40132932187500003 0.5071004375 0.42579696718750004 0.5382201546875 0.433607109375 0.5586753140625 0.4225130828125 0.571377746875 0.40427571406249996
0 0.5714967453125 0.33606209374999996 0.54157411875 0.34141544218750003 0.54682124375 0.3695457203125 0.5877780953125 0.372563909375 0.5969945484375 0.3499998390625 0.5714967453125 0.33606209374999996
0 0.608243628125 0.31401943125 0.5877742765625 0.32127229218750003 0.6103693156250001 0.351015575 0.6376411562500001 0.3441319953125 0.6485229578125 0.3215097703125 0.608243628125 0.31401943125
0 0.6605995265625 0.30922553750000004 0.6286400171875 0.2976094609375 0.6097538234375001 0.3095182609375 0.63421214375 0.3175610796875 0.6558619421875 0.316805053125 0.6605995265625 0.30922553750000004
0 0.725321425 0.3959342984375 0.6760472015625 0.4015738625 0.7008528578125001 0.435341925 0.73931155625 0.43844735156250003 0.7781893765625 0.42967563281250004 0.7908399671875 0.40995728124999997 0.725321425 0.3959342984375
0 0.4380489515625 0.8597074859375 0.3891324359375 0.8436218406249999 0.3168386234375 0.8743199031250001 0.2787314453125 0.9290319515625001 0.30791685156250004 0.9769457125000001 0.34189668125 0.9950356375 0.3753645203125 0.9745903890625 0.4882479703125 0.9602686390624999 0.47900054687500004 0.88645081875 0.4380489515625 0.8597074859375
0 0.687746490625 0.8717471734375 0.62658788125 0.910953253125 0.6951734125 0.9411801921875 0.8257587109375001 0.9577989546874999 0.8969423375 0.941548340625 0.8679120859375 0.89807765 0.7872552421875 0.8564098 0.7388507859375 0.878859553125 0.687746490625 0.8717471734375
0 0.39813220625 0.38511777187499996 0.36794859999999996 0.380240525 0.34046988906250003 0.38120010312499997 0.3736954875 0.399161353125 0.39813220625 0.38511777187499996
0 0.55145995625 0.812745428125 0.5603092609375 0.8035395375000001 0.5498515109375 0.7905593718749999 0.5048916296875 0.768404390625 0.45950756249999997 0.7818516890625 0.4706893 0.8155660015624999 0.5052849421875 0.8244576562500001 0.55145995625 0.812745428125
0 0.6260606125 0.704860478125 0.655731515625 0.74508471875 0.700733515625 0.7422888000000001 0.69720106875 0.7127558578125 0.666029634375 0.7034647296875 0.6260606125 0.704860478125
0 0.9767306281250001 0.6718553234375 0.94233193125 0.6656424765625 0.8596320859375 0.6848414171874999 0.8304206828125 0.7555537593749999 0.78883803125 0.7584887640625 0.8051710968749999 0.796471565625 0.893068740625 0.8067474703125 0.9591888890625 0.7493116 0.9616180453125001 0.7643176046875 0.9767306281250001 0.6718553234375
0 0.8890554859375 0.5963278234375 0.9326739484375001 0.616822915625 0.97363280625 0.5592696984375001 0.9314812515625001 0.5459134015625 0.8619493015625 0.56020401875 0.8890554859375 0.5963278234375
0 0.8422750359375 0.5697879828125 0.791481178125 0.57156174375 0.800583821875 0.593486096875 0.8311768031250001 0.6055434296875 0.8422750359375 0.5697879828125