0 0.465456353125 0.36826011406250003 0.416346025 0.34238674375 0.4273589109375 0.28543131875 0.35598840625 0.26302923125 0.2897054421875 0.27990378125 0.3430625296875 0.3302140703125 0.4177624765625 0.4006484875 0.465456353125 0.36826011406250003
0 0.34684426875 0.3706899015625 0.2954741125 0.3445833375 0.2460268765625 0.3766380875 0.29259263281250003 0.40388346249999996 0.34684426875 0.3706899015625
0 0.3599102125 0.5154412203125001 0.2967039484375 0.46838876718750005 0.262063875 0.487099065625 0.27731138906249997 0.557245046875 0.3627835484375 0.6288117859375 0.43011163906250005 0.641848459375 0.40082405468750004 0.5538359546875 0.3599102125 0.5154412203125001
0 0.1149053140625 0.7234546843749999 0.1546404171875 0.7678629765625 0.0698793265625 0.8170671515624999 0.09813670468749999 0.922852284375 0.167969484375 0.9678563265625 0.2400603265625 0.9754333796875001 0.282348453125 0.9317831296874999 0.3200175453125 0.8284569953125 0.3448466484375 0.73570185 0.3102307984375 0.6665003359375 0.26878429375 0.6144617390625 0.26482598125 0.7079204406249999 0.20751046875 0.7510687265625 0.21571278125 0.6491157203125 0.165785859375 0.6379079828124999 0.1149053140625 0.7234546843749999
0 0.967932153125 0.6581436515625 0.9140095687500001 0.6211845609375 0.8585062484374999 0.663033321875 0.9306587140625 0.7019084484375 0.967932153125 0.6581436515625
0 0.9593045515625 0.831679225 0.87839149375 0.8245613796875 0.912542640625 0.8981842640625001 0.9603942046875 0.8972533453124999 0.9593045515625 0.831679225
0 0.8652579578124999 0.9093109921875 0.8329791328124999 0.842139465625 0.8158112015625001 0.7583809484375 0.8193123609375 0.6931855796875 0.8229143062500001 0.6190604343749999 0.77074980625 0.5733457609375 0.7081770015625 0.531007284375 0.7146119093750001 0.5734056937500001 0.650047759375 0.621752609375 0.6953817328125 0.6846302140625 0.7385936875 0.7517551109375 0.7172191171875 0.7957008390625 0.752926696875 0.8784278484374999 0.8211599656249999 0.970533653125 0.86358250625 0.9973435578125001 0.8652579578124999 0.9093109921875
0 0.6414763625 0.48731139062500006 0.607587928125 0.47573271406249995 0.573365875 0.5064075328125 0.61403038125 0.541973140625 0.6414763625 0.48731139062500006
0 0.6158415578125 1 0.6128732 0.8160251828125 0.6054864875 0.7109435953125 0.6093005734375 0.6738589203124999 0.5861349437500001 0.60013435625 0.5267143625 0.5357759609375 0.5061907875 0.651334865625 0.508598259375 0.7320517734374999 0.49900924375000005 0.8711109484374999 0.51162348125 0.9663114953124999 0.608411128125 1 0.6158415578125 1
0 0.619847575 0.43082896875000004 0.645240284375 0.484160346875 0.6811811703124999 0.4849577265625 0.6723144546875 0.4497540953125 0.626368365625 0.4166135890625 0.619847575 0.43082896875000004
0 0.6239291375 0.39996636093750004 0.6885156640625001 0.42314553281249995 0.72259030625 0.41778644062500003 0.7018055249999999 0.36046910468750004 0.6438013781249999 0.3543726234375 0.640083728125 0.3897436921875 0.6239291375 0.39996636093750004
0 0.16773056718749998 0.56360865625 0.219313509375 0.5974906343749999 0.23635204999999998 0.572311003125 0.23038927187499997 0.5493331734375 0.1972440453125 0.54584946875 0.16773056718749998 0.56360865625