0 0.54051395 0.43498141874999996 0.561343825 0.42460802500000006 0.5746749953125 0.40682507343749996 0.527291646875 0.40222222343749997 0.5096857609375001 0.42608997187500003 0.54051395 0.43498141874999996
0 0.5921720781250001 0.3757049515625 0.6021703921875 0.3534762765625 0.5771745421875 0.3386571609375 0.5470833140625 0.3429629640625 0.5513455109375001 0.371259228125 0.5921720781250001 0.3757049515625
0 0.6429970234375 0.34903055312500003 0.6546617015625 0.326801878125 0.6146683171875 0.3179103734375 0.5939583140625 0.32444444687499996 0.6155015625 0.354958165625 0.6429970234375 0.34903055312500003
0 0.6404974125 0.322356153125 0.66216040625 0.322356153125 0.6671596265625 0.3149465953125 0.63562498125 0.3022222234375 0.61633468125 0.31346465 0.6404974125 0.322356153125
0 0.780474196875 0.43942714218749995 0.793805240625 0.42016230156249995 0.72881600625 0.403861296875 0.67937498125 0.4077777796875 0.7029870375 0.4423909765625 0.74131393125 0.4468367 0.780474196875 0.43942714218749995
0 0.4721919859375 0.9595781156250001 0.4655264 0.8854825328124999 0.4255330796875 0.8573263015625001 0.37720774375 0.83954329375 0.3038866234375 0.8676996375 0.2638932375 0.9210484359375 0.2913886984375 0.969951565625 0.3247164984375 0.9892163484375001 0.3588774796875 0.969951565625 0.4721919859375 0.9595781156250001
0 0.77464173125 0.8662177484375 0.7254832765625 0.8869645343749999 0.6746583312500001 0.8780729734375001 0.6121687062500001 0.915120765625 0.6796575515625001 0.9477228906249999 0.8095833140625001 0.9688888906249999 0.881290715625 0.9551324484375 0.8537952546875 0.9106750984374999 0.77464173125 0.8662177484375
0 0.34471312656249997 0.3757049515625 0.377291646875 0.3948148171875 0.40220359375000003 0.3816326203125 0.37220858749999997 0.3757049515625 0.34471312656249997 0.3757049515625
0 0.45969406093750004 0.8143508390624999 0.4939583140625 0.8244444468750001 0.54051395 0.8143508390624999 0.5496791453125 0.8054593921875 0.5396807671875 0.7921221640625 0.49552147187499995 0.7684116015625 0.44969574687499997 0.7802668265625 0.45969406093750004 0.8143508390624999
0 0.6896558671874999 0.7195084703125 0.6588276765625001 0.7091351343750001 0.6188342921875 0.7091351343750001 0.6470833140625001 0.750370371875 0.6921554765625 0.749146703125 0.6896558671874999 0.7195084703125
0 0.9502083140625001 0.7651851875 0.9521122890625 0.7802668265625 0.9704425531249999 0.6883882921875 0.9362816359374999 0.6809787328125 0.8529621359374999 0.6972797953125001 0.8213007015624999 0.7669295984375 0.7796409515625 0.7684116015625 0.7946384859375 0.80694128125 0.8821239609375 0.820278509375 0.9502083140625001 0.7651851875
0 0.9296160499999999 0.5609439109375 0.859627721875 0.5727991921875 0.885456690625 0.6098469843750001 0.9283333140625001 0.6318518531249999 0.9712757999999999 0.5757631390625 0.9296160499999999 0.5609439109375
0 0.797138096875 0.603919371875 0.8272916468749999 0.6170370390625 0.8396309656250001 0.581690696875 0.7888061468750001 0.581690696875 0.797138096875 0.603919371875