0 0.40032921874999994 0.3519943875 0.4053283125 0.294199809375 0.33200712656250003 0.2793806921875 0.2678511375 0.3030912578125 0.3261747875 0.34754860781249997 0.40782792187499994 0.4097889078125 0.45187501875 0.37259259375 0.40032921874999994 0.3519943875
0 0.23452333749999998 0.403861296875 0.28368191875000004 0.42608997187500003 0.3341666859375 0.387407409375 0.28034906249999997 0.366813503125 0.23452333749999998 0.403861296875
0 0.29451335156249997 0.4898121609375 0.2620187984375 0.5120408359375 0.28451503749999996 0.5802087515625 0.3769997328125 0.642449165625 0.44532169687499995 0.648376721875 0.40699474062499996 0.5639077453125 0.3622916859375 0.5300000015624999 0.29451335156249997 0.4898121609375
0 0.2911806234375 1 0.3286743984375 0.9521685578125 0.35533661250000004 0.8454709625 0.370334146875 0.7506285921875 0.3286743984375 0.6854245125 0.2820154265625 0.638003328125 0.28784789375000003 0.731363809375 0.235356584375 0.7802668265625 0.23285697343749998 0.6780149546875001 0.182032028125 0.6720873984375 0.140372278125 0.76248393125 0.1845316390625 0.8024955015625 0.1053781140625 0.860290078125 0.144538253125 0.9625420078125 0.21869268437499997 1 0.2911806234375 1
0 0.8735839359375 0.6246661015625 0.9494047 0.6557862796875 0.981899284375 0.6083650953124999 0.9244088171874999 0.577244915625 0.8735839359375 0.6246661015625
0 0.951904278125 0.8528805203125 0.9993963984375 0.8469528515625001 0.9914583531250001 0.7818518531249999 0.910244528125 0.7832307171874999 0.951904278125 0.8528805203125
0 0.7136105234375 0.6631958375 0.763602221875 0.7254361390625 0.746938321875 0.771375378125 0.7910976187500001 0.8499167421875 0.868584778125 0.9343856625000001 0.9135773203124999 0.9566143374999999 0.9060416859375 0.868888890625 0.8669183500000001 0.8054593921875 0.8410893187499999 0.7239542515624999 0.8377565265625 0.6587500578125 0.8335905515625001 0.5846544734375 0.7769333296875 0.5446429046875 0.7102777296875 0.5090770015625 0.7211092265625 0.5505705171875 0.6619523953125 0.6054013734375 0.7136105234375 0.6631958375
0 0.5736337390624999 0.49870360937499997 0.6177930984375 0.5298237875 0.63937501875 0.47259259374999996 0.604461928125 0.4646196515625 0.5736337390624999 0.49870360937499997
0 0.532807171875 0.72988180625 0.5378063281250001 0.8691815265624999 0.56030263125 0.9625420078125 0.6677847984375 0.9877344609375 0.6452884953125 0.8024955015625 0.6269582312499999 0.698761684375 0.6268750187500001 0.6614814828125 0.596129978125 0.59058225625 0.5303076250000001 0.532787565625 0.521975675 0.6498587234375 0.532807171875 0.72988180625
0 0.616959853125 0.403861296875 0.6119606953125001 0.4186804125 0.6427889484375 0.469065375 0.6786162953125 0.466101540625 0.6661183703125 0.43201758281249997 0.616959853125 0.403861296875
0 0.612793878125 0.38756023281249996 0.6794494765625 0.403861296875 0.7127772765625 0.3949697921875 0.6861150625 0.3401390484375 0.6277914124999999 0.3401390484375 0.6277914124999999 0.3757049515625 0.612793878125 0.38756023281249996
0 0.20369514843749997 0.577244915625 0.1761996890625 0.5979918140625 0.23104168593750002 0.6262962984375 0.24535489843749997 0.5994735906249999 0.2370229484375 0.577244915625 0.20369514843749997 0.577244915625