0 0.714713834375 0.3547858578125 0.686149046875 0.324644271875 0.6364463921875 0.3337940015625 0.6026164625 0.3438722359375 0.5884038953124999 0.366610775 0.597139328125 0.40189330781250004 0.5728310390625 0.42201875468749994 0.5471461328125 0.44128181875 0.575996209375 0.46490988125 0.6101415671875 0.43999242499999996 0.6353395640625 0.397593684375 0.6857196796875 0.3839718640625 0.714713834375 0.3547858578125
0 0.6884193875 0.41353388750000003 0.662377553125 0.427992946875 0.683826709375 0.47300686562500005 0.73691178125 0.46522181093750004 0.7483677328125 0.4351654609375 0.7157946609375 0.4096122796875 0.6884193875 0.41353388750000003
0 0.3519929046875 0.5201823390625 0.3726032171875 0.513531328125 0.389215621875 0.464018328125 0.3508364921875 0.49075565781249997 0.3519929046875 0.5201823390625
0 0.065480821875 0.8386130625 0.012920107812500001 0.8787110265625 0.015250578125 0.8804031 0.0213792984375 0.93653609375 0.0716612609375 0.8962270406249999 0.0870272796875 0.8348950578125001 0.065480821875 0.8386130625
0 0.1434016390625 1 0.194020590625 0.9364386093749999 0.24004602031250002 0.8458624671875 0.2659370984375 0.7278159265624999 0.24267354062500002 0.7301111 0.1884763296875 0.825421096875 0.116953034375 0.90205949375 0.091067203125 0.996380721875 0.103245971875 1 0.1434016390625 1
0 0.41901719687499994 0.6231217499999999 0.42214685625000004 0.6494747609375 0.47740875000000005 0.624048203125 0.49292470625 0.5908845453125 0.435210734375 0.5854858875 0.41901719687499994 0.6231217499999999
0 0.3176977109375 0.4641181796875 0.37992247031250004 0.43468655156249997 0.36712185 0.4262366359375 0.3485441625 0.419471309375 0.3039410546875 0.4314086 0.2655805390625 0.45499040312499994 0.3176977109375 0.4641181796875
0 0.45627035937500005 1 0.45204507187500004 0.9481876281250001 0.5214322421875 0.8820034859374999 0.4895471265625 0.8045277000000001 0.4261491484375 0.85122605625 0.36950556562500003 0.9481042734375 0.355132596875 0.990125053125 0.4406082546875 1 0.45627035937500005 1
0 0.6925986281250001 0.88937158125 0.679579453125 0.9940337187500001 0.8091541203125001 0.9802015546874999 0.8273284390625 0.92766836875 0.79121779375 0.8963073843749999 0.7563587578125001 0.8530402390624999 0.6925986281250001 0.88937158125
0 0.819425809375 0.8923567515625 0.8445283328125001 0.9849382140625 0.8849908171875001 0.9315859234375001 0.8925987640624999 0.8868357984375 0.8190689046875 0.8582644281249999 0.819425809375 0.8923567515625
0 0.8028909953125 0.8247246968749999 0.8080624453125 0.8361202000000001 0.846144246875 0.7980063390625001 0.8347556390624999 0.7583680765625 0.794745271875 0.71083233125 0.7725679234375 0.744228778125 0.8028909953125 0.8247246968749999