0 0.3078445234375 0.3312476015625 0.28034906249999997 0.3623677234375 0.3103441328125 0.39052406875 0.3611689515625 0.40237935 0.38783129375000003 0.44387286562500006 0.4228254578125 0.4675834859375 0.450833353125 0.4429629640625 0.42449182187499995 0.42460802500000006 0.399495971875 0.4053431859375 0.40699474062499996 0.3697772828125 0.39199726875 0.34754860781249997 0.357836221875 0.3386571609375 0.3078445234375 0.3312476015625
0 0.33520835312499997 0.43370370625000004 0.30867776875 0.42016230156249995 0.281182309375 0.41719846718750003 0.24952087343749998 0.44387286562500006 0.2620187984375 0.4735110984375 0.31534322656249997 0.47943876875 0.33520835312499997 0.43370370625000004
0 0.6277914124999999 0.5090770015625 0.6486212874999999 0.515004671875 0.64875001875 0.48555555781250004 0.6094611484375 0.460173928125 0.6277914124999999 0.5090770015625
0 1 0.8614814828125 0.94607190625 0.8232422875 0.9244088171874999 0.820278509375 0.94190593125 0.8810368640625 0.993564028125 0.9195665468750001 0.9977300031249999 0.8632538578125001 1 0.8614814828125
0 0.9260071234374999 0.9818067906250001 0.8968452984375 0.8884464234375 0.82269093125 0.8143508390624999 0.7652004640625 0.720990359375 0.7418709781249999 0.7195084703125 0.7718660484375001 0.8365795140625 0.8210245031250001 0.9254942156249999 0.8818477625 0.9966259078125 0.9260071234374999 0.9818067906250001
0 0.5269067078125 0.6231842125 0.5830223109375 0.64666666875 0.5852303578125 0.6202204890624999 0.5677332125000001 0.5831726984375 0.5102428078125001 0.59058225625 0.5269067078125 0.6231842125
0 0.617724975 0.43053569375 0.680938978125 0.4577777796875 0.732705846875 0.4468367 0.69354570625 0.42460802500000006 0.6485531640625 0.4142346328125 0.6302228999999999 0.421644190625 0.617724975 0.43053569375
0 0.5610676265625 1 0.661884271875 0.9847706828125 0.6460535546874999 0.9432771109375 0.5860634765625 0.848434740625 0.52107436875 0.803977390625 0.49191254375 0.8825187546875 0.5635672375 0.9462410015625 0.5610676265625 1
0 0.3377714703125 1 0.32110757031250003 0.8958559812500001 0.2561183359375 0.86177196875 0.22279053593749998 0.90622931875 0.187796371875 0.9388314421875 0.20779299999999998 0.9906983515625001 0.3377714703125 1
0 0.130305840625 0.9447589984375 0.17260564375 0.99666666875 0.1944618296875 0.9032655390625 0.1936287109375 0.8691815265624999 0.12114077187500001 0.9003016484374999 0.130305840625 0.9447589984375
0 0.20385564375 0.84666666875 0.20862624687500003 0.8350976265625001 0.23612157968749997 0.753592484375 0.21279222187500002 0.720990359375 0.1744652015625 0.7698934890625 0.1644668859375 0.8099050609375 0.20385564375 0.84666666875