0 0.5996707812500001 0.3519943875 0.54812498125 0.37259259375 0.5921720781250001 0.4097889078125 0.6738252124999999 0.34754860781249997 0.7321488625 0.3030912578125 0.6679928734375 0.2793806921875 0.5946716875 0.294199809375 0.5996707812500001 0.3519943875
0 0.7196509375 0.366813503125 0.6658333140625 0.387407409375 0.7163180812500001 0.42608997187500003 0.7654766625 0.403861296875 0.7196509375 0.366813503125
0 0.7054866484375 0.4898121609375 0.6377083140625001 0.5300000015624999 0.593005259375 0.5639077453125 0.554678303125 0.648376721875 0.6230002671875 0.642449165625 0.7154849624999999 0.5802087515625 0.7379812015625 0.5120408359375 0.7054866484375 0.4898121609375
0 0.781307315625 1 0.8554617468749999 0.9625420078125 0.8946218859374999 0.860290078125 0.8154683609375001 0.8024955015625 0.859627721875 0.76248393125 0.817967971875 0.6720873984375 0.7671430265625 0.6780149546875001 0.7646434156249999 0.7802668265625 0.71215210625 0.731363809375 0.7179845734375 0.638003328125 0.6713256015625 0.6854245125 0.629665853125 0.7506285921875 0.6446633875 0.8454709625 0.6713256015625 0.9521685578125 0.7088193765625 1 0.781307315625 1
0 0.0755911828125 0.577244915625 0.018100715625 0.6083650953124999 0.050595299999999996 0.6557862796875 0.1264160640625 0.6246661015625 0.0755911828125 0.577244915625
0 0.089755471875 0.7832307171874999 0.008541646875 0.7818518531249999 0.0006036015625 0.8469528515625001 0.048095721875000004 0.8528805203125 0.089755471875 0.7832307171874999
0 0.1622434734375 0.6587500578125 0.15891068125000002 0.7239542515624999 0.13308165 0.8054593921875 0.0939583140625 0.868888890625 0.0864226796875 0.9566143374999999 0.13141522187500002 0.9343856625000001 0.20890238125 0.8499167421875 0.253061678125 0.771375378125 0.236397778125 0.7254361390625 0.2863894765625 0.6631958375 0.3380476046875 0.6054013734375 0.2788907734375 0.5505705171875 0.28972227031250003 0.5090770015625 0.2230666703125 0.5446429046875 0.1664094484375 0.5846544734375 0.1622434734375 0.6587500578125
0 0.395538071875 0.4646196515625 0.36062498125000003 0.47259259374999996 0.3822069015625 0.5298237875 0.4263662609375 0.49870360937499997 0.395538071875 0.4646196515625
0 0.47802432499999997 0.6498587234375 0.469692375 0.532787565625 0.403870021875 0.59058225625 0.37312498125000004 0.6614814828125 0.37304176875 0.698761684375 0.3547115046875 0.8024955015625 0.3322152015625 0.9877344609375 0.43969736875 0.9625420078125 0.462193671875 0.8691815265624999 0.46719282812499996 0.72988180625 0.47802432499999997 0.6498587234375
0 0.3338816296875 0.43201758281249997 0.3213837046875 0.466101540625 0.3572110515625 0.469065375 0.38803930468750003 0.4186804125 0.383040146875 0.403861296875 0.3338816296875 0.43201758281249997
0 0.3138849375 0.3401390484375 0.2872227234375 0.3949697921875 0.3205505234375 0.403861296875 0.387206121875 0.38756023281249996 0.37220858749999997 0.3757049515625 0.37220858749999997 0.3401390484375 0.3138849375 0.3401390484375
0 0.7629770515625001 0.577244915625 0.7546451015625 0.5994735906249999 0.7689583140625 0.6262962984375 0.8238003109375001 0.5979918140625 0.7963048515625 0.577244915625 0.7629770515625001 0.577244915625