0 0.48390941249999997 0.4272153921875 0.4642903109375 0.40497292187499995 0.41748843593749996 0.4136879875 0.4323187625 0.43024138125 0.453973475 0.4387598578125 0.48390941249999997 0.4272153921875
0 0.4376293765625 0.37622418125 0.4394091734375 0.34766411875 0.40905717499999994 0.3459973234375 0.3854480125 0.3629385796875 0.3973456375 0.3842112578125 0.4376293765625 0.37622418125
0 0.3722967265625 0.36557671875 0.3910985515625 0.33330149531250003 0.36989787343749997 0.32859728125 0.330831621875 0.3409406046875 0.34438926875 0.36206805000000003 0.3722967265625 0.36557671875
0 0.3678503796875 0.32431370937500004 0.34765364375 0.3147953234375 0.317348 0.3302197015625 0.32297398125 0.3371653515625 0.344554540625 0.3352772984375 0.3678503796875 0.32431370937500004
0 0.25497085468749997 0.46807089687500003 0.2927644328125 0.4603016828125 0.3132698984375 0.4237622734375 0.2636756671875 0.42416976249999994 0.2003544625 0.44607292187500003 0.21531382031250001 0.4641025765625 0.25497085468749997 0.46807089687500003
0 0.7719050937499999 0.898868159375 0.727414240625 0.8492080218750001 0.6519181421875 0.8275491781250001 0.605326590625 0.849476346875 0.567939434375 0.8810110828125 0.56775706875 0.9554056546874999 0.681544484375 0.9558636203124999 0.717254509375 0.97207776875 0.74877645 0.9499815843749999 0.7719050937499999 0.898868159375
0 0.3091009375 0.9051441796875 0.25832134375 0.8887607828125 0.1833437359375 0.9399476437500001 0.1598276171875 0.9866322078125 0.23246110312499998 0.994086590625 0.3600477203125 0.9616773578125001 0.4244382875 0.923317253125 0.3589575265625 0.89185676875 0.3091009375 0.9051441796875
0 0.61307391875 0.384520340625 0.6438629328125 0.3626437890625 0.6164721 0.3650401765625 0.5871078640625 0.373559525 0.61307391875 0.384520340625
0 0.4859303546875 0.7944689578124999 0.47713243906249997 0.8086268499999999 0.48703769843750006 0.8166856625 0.5342958921875 0.8226832703125 0.5675500437500001 0.8096417453125 0.57453969375 0.774816021875 0.5278550984375 0.766999884375 0.4859303546875 0.7944689578124999
0 0.3302902984375 0.764946078125 0.3752975984375 0.7622367921875 0.3998452359375 0.7186964031249999 0.3600040390625 0.72218205625 0.3301972546875 0.7352027718749999 0.3302902984375 0.764946078125
0 0.20318639218749998 0.7939170515625 0.165575059375 0.7272917624999999 0.08115188281249999 0.7183145046875 0.04776674375 0.7286731875 0.0740349984375 0.818604509375 0.0746172765625 0.8034143171875 0.14724424687499998 0.85236405 0.2332343984375 0.8314527125 0.24481677968749999 0.7917625296875 0.20318639218749998 0.7939170515625
0 0.037120739062500005 0.6165492296874999 0.0847882703125 0.668681825 0.125583884375 0.643023746875 0.14808563749999998 0.603865790625 0.07733038125 0.59815550625 0.037120739062500005 0.6165492296874999
0 0.18415424687499998 0.645117025 0.2130497734375 0.62942121875 0.2194126609375 0.606550953125 0.168781246875 0.610980628125 0.18415424687499998 0.645117025