0 0.4205509453125 0.410860953125 0.4347945328125 0.42792183437500003 0.4561387640625 0.4371908609375 0.48645936093750003 0.42669817656250003 0.4676284625 0.403784559375 0.4205509453125 0.410860953125
0 0.41448719062499995 0.3429172796875 0.3903011703125 0.3590242671875 0.40144914062500003 0.3806992078125 0.441987084375 0.3741228796875 0.44476252812499995 0.345642328125 0.41448719062499995 0.3429172796875
0 0.375958996875 0.324161196875 0.3364857671875 0.3351336078125 0.34929781875 0.3567213375 0.37706582499999997 0.36120182500000003 0.396982584375 0.3296024375 0.375958996875 0.324161196875
0 0.3233845125 0.3239486640625 0.32876466875 0.331086428125 0.3503979734375 0.32995267500000003 0.3740622453125 0.3198087765625 0.3542099984375 0.30959133437499997 0.3233845125 0.3239486640625
0 0.20241902656250002 0.4356482953125 0.2167400453125 0.45418904062500004 0.2562344296875 0.45953895312500004 0.2942761265625 0.4530934484375 0.31604430781250004 0.41729192812499993 0.2664660671875 0.41596835624999995 0.20241902656250002 0.4356482953125
0 0.715088521875 0.8569319375 0.640394296875 0.8326515109375 0.5930658796875 0.8529393015625001 0.5546009515625 0.8831500328124999 0.5518223640625 0.9574929203125 0.6655244812500001 0.96192173125 0.7006468875 0.9793722640625001 0.732920771875 0.958389640625 0.757819159375 0.9081145312500001 0.715088521875 0.8569319375
0 0.2950779 0.8982350953125 0.24490101250000001 0.880089496875 0.16818268281249998 0.9286284953124999 0.143051621875 0.97446391875 0.2153807078125 0.9844486328125001 0.34402066875 0.9565118515625001 0.40971075937499996 0.9204223140625001 0.3453678421875 0.8866957484375 0.2950779 0.8982350953125
0 0.61703521875 0.3885369109375 0.6485689578125 0.36774820625000004 0.6211111781249999 0.3691872078125 0.5914675093749999 0.3766765703125 0.61703521875 0.3885369109375
0 0.51851996875 0.7678093640625 0.47566210625 0.7937985515625 0.466375446875 0.8076407765625 0.47599342499999997 0.8160403687500001 0.523013515625 0.823683609375 0.5567025531249999 0.8118105828125 0.5649033453125 0.777250009375 0.51851996875 0.7678093640625
0 0.39227385312499996 0.715067828125 0.352335278125 0.7171609203125 0.32209223593749997 0.7291334625 0.32114719687500004 0.7588618968749999 0.36622163125 0.75772499375 0.39227385312499996 0.715067828125
0 0.1578464125 0.715482040625 0.0737879671875 0.703563925 0.040061653125 0.7127511734375 0.06317534687500001 0.8035444593750001 0.0642874015625 0.7883838437499999 0.135161809375 0.8398384015625 0.22182937187500001 0.8219408156249999 0.2347898640625 0.7826790296875 0.1931096453125 0.7833793609375 0.1578464125 0.715482040625
0 0.12082051093749999 0.6298696875 0.14467515 0.5915208843750001 0.07416228124999999 0.58334475625 0.033335203125000004 0.6003239781249999 0.0791542953125 0.6540883890625 0.12082051093749999 0.6298696875
0 0.179282140625 0.634005765625 0.20870784062499997 0.6193279609375 0.21586501249999998 0.5966936890625 0.16510984687500002 0.5993536546875 0.179282140625 0.634005765625