0 0.644985659375 0.387914765625 0.6630257703125 0.3537913125 0.63065486875 0.350959225 0.6027445375 0.3439163890625 0.58716121875 0.3605421984375 0.5656907328125 0.376514653125 0.568032659375 0.397545525 0.6014368796875 0.388567446875 0.644985659375 0.387914765625
0 0.5714990171875 0.4439635671875 0.580961678125 0.43140326875 0.559196765625 0.42206122500000004 0.5290685796875 0.42112223125000003 0.50745794375 0.43984825 0.5359921671875 0.44829498125 0.5714990171875 0.4439635671875
0 0.80530763125 0.46739432656249996 0.779780009375 0.453260325 0.7391088625 0.449702059375 0.6885520140625 0.43879307343749996 0.7083789609375 0.4663520296875 0.7542886203125 0.46739344687499995 0.80530763125 0.46739432656249996
0 0.409375 0.36796875 0.346875 0.36796875 0.346875 0.40703125 0.409375 0.40703125 0.409375 0.36796875
0 0.42761229062500006 0.9892147343750001 0.45719872656250005 0.966514528125 0.43600750312500003 0.8932570203125 0.3643309828125 0.8616974515625 0.286418815625 0.8727318421874999 0.2575332265625 0.896981028125 0.22482986718750003 0.907507915625 0.22108430937499998 0.9503198421875 0.2498028234375 0.9662205609375001 0.28644638906250003 0.9832263984375 0.42761229062500006 0.9892147343750001
0 0.8380406406249999 1 0.8416292296875 0.998660175 0.8126904312500001 0.9470385390624999 0.7391145359375 0.8989494140625001 0.7017995484374999 0.923948671875 0.6152187484375 0.9193489328125001 0.578217078125 0.9503259156249999 0.6607248125 0.9958951218750001 0.679356303125 1 0.8380406406249999 1
0 0.9223809656249999 0.372019246875 0.87226605 0.3616845046875 0.8627843765625001 0.3935815109375 0.9185527203125 0.4273137921875 0.9223809656249999 0.372019246875
0 0.49848345937499994 0.8005432062500001 0.45668781562499994 0.7715977640625 0.4245371875 0.8044867078125 0.468471628125 0.8508092796875 0.5094750625 0.8565449781250001 0.5239368703125 0.8250836749999999 0.49848345937499994 0.8005432062500001
0 0.9221644359375001 0.8524862109375 0.9200466437499999 0.7332950859375 0.8324134375 0.7598423249999999 0.8070321859374999 0.7918359625 0.760661034375 0.8056298359375 0.7639431625 0.84459395625 0.82661845625 0.8738784687500001 0.9221644359375001 0.8524862109375
0 0.9805491312499999 0.634458303125 0.94270041875 0.6177588546874999 0.8578897796874999 0.6311648625 0.921345853125 0.6822309718749999 0.9805491312499999 0.634458303125
0 0.8388541937499999 0.6384249328125 0.8252054281250001 0.622355096875 0.788868565625 0.6266138953125 0.7748112578125 0.70125020625 0.8244939046875001 0.7016414078125 0.8388541937499999 0.6384249328125